((("free" .
   [1 0 0 0])
  ("puts" .
   [1 0 0 0])
  ("printf" .
   [1 0 0 0 0 0])
  ("sizeof" .
   [0 0 0 0 1 0])
  ("a" .
   [1])
  ("i" .
   [1])
  ("s" .
   [1])
  ("auxarr" .
   [3 0 0 0 0 0])
  ("lineCounter" .
   [1 0 0 0 0 0 0 0 0 0 0])
  ("lines" .
   [8 0 0 0 0])
  ("linea" .
   [1 0 0 0 0])
  ("FILE" .
   [1 0 0 0])
  ("strdup" .
   [1 0 0 0 0 0])
  ("auxp" .
   [2 0 0 0])
  ("EX_NOINPUT" .
   [0 0 0 0 0 0 0 1 0 0])
  ("EX_OSERR" .
   [0 0 0 1 0 0 0 0])
  ("buffer" .
   [4 0 0 0 0 0])
  ("malloc" .
   [2 0 0 0 0 0])
  ("fgets" .
   [1 0 0 0 0])
  ("NULL" .
   [2 0 0 0])
  ("argv" .
   [1 0 0 0])
  ("fichero" .
   [6 0 0 0 0 0 1])
  ("str" .
   [2 0 0])
  ("hola" .
   [0 0 0 2])
  ("holo" .
   [0 0 1 0])))
